20140700|186014781||01/07/2014|01/01/0001|01|0003|12397||6|20101120288|DROGUERIA M Y M S.A.C|0.00|3355.20|0.00|0.00|0.00|603.94|0.00|0.00|0.00|3959.14|2.796|01/01/0001|00|-|-|0.00|1|
20140700|186014782||02/07/2014|01/01/0001|01|0003|12398||6|20433460597|MILK DENT IMPORT SAC|0.00|49658.78|0.00|0.00|0.00|8938.58|0.00|0.00|0.00|58597.36|2.797|01/01/0001|00|-|-|0.00|1|
20140700|186014783||02/07/2014|01/01/0001|01|0003|12399||6|20102271514|RADIOLOGICA SRL|0.00|3055.69|0.00|0.00|0.00|550.03|0.00|0.00|0.00|3605.72|2.797|01/01/0001|00|-|-|0.00|1|
20140700|186014793||03/07/2014|01/01/0001|01|0003|12400||6|20506556105|REPRESENTACIONES NIRO SAC|0.00|11800.38|0.00|0.00|0.00|2124.07|0.00|0.00|0.00|13924.45|2.795|01/01/0001|00|-|-|0.00|1|
20140700|186014794||03/07/2014|01/01/0001|01|0003|12401||6|20260239121|CEREMA S.A.|0.00|33540.00|0.00|0.00|0.00|6037.20|0.00|0.00|0.00|39577.20|2.795|01/01/0001|00|-|-|0.00|1|
20140700|186014795||03/07/2014|01/01/0001|01|0003|12402||6|20333483395|GAMEL SRL|0.00|88906.16|0.00|0.00|0.00|16003.11|0.00|0.00|0.00|104909.27|2.795|01/01/0001|00|-|-|0.00|1|
20140700|186014796||03/07/2014|01/01/0001|01|0003|12403||6|20509997340|INTERNATIONAL DIAGNOSTIC IMAGING|0.00|16071.25|0.00|0.00|0.00|2892.83|0.00|0.00|0.00|18964.08|2.795|01/01/0001|00|-|-|0.00|1|
20140700|186014797||03/07/2014|01/01/0001|01|0003|12404||6|20102271514|RADIOLOGICA SRL|0.00|202.64|0.00|0.00|0.00|36.47|0.00|0.00|0.00|239.11|2.795|01/01/0001|00|-|-|0.00|1|
20140700|186014798||04/07/2014|01/01/0001|01|0003|12405||6|20121905907|SERVICIOS RADIOLOGICOS SAC|0.00|1224.06|0.00|0.00|0.00|220.33|0.00|0.00|0.00|1444.39|2.785|01/01/0001|00|-|-|0.00|1|
20140700|186014799||04/07/2014|01/01/0001|01|0003|12406||6|20134923955|RADIOLOGOS SRL|0.00|3759.75|0.00|0.00|0.00|676.76|0.00|0.00|0.00|4436.51|2.785|01/01/0001|00|-|-|0.00|1|
20140700|186014800||04/07/2014|01/01/0001|01|0003|12407||6|20101120288|DROGUERIA M Y M S.A.C|0.00|1196.99|0.00|0.00|0.00|215.46|0.00|0.00|0.00|1412.45|2.785|01/01/0001|00|-|-|0.00|1|
20140700|186014801||04/07/2014|01/01/0001|01|0003|12408||6|20101120288|DROGUERIA M Y M S.A.C|0.00|3692.35|0.00|0.00|0.00|664.62|0.00|0.00|0.00|4356.97|2.785|01/01/0001|00|-|-|0.00|1|
20140700|186014802||04/07/2014|01/01/0001|01|0003|12409||6|20508370092|RESOCLINIC S.A.|0.00|2255.85|0.00|0.00|0.00|406.05|0.00|0.00|0.00|2661.90|2.785|01/01/0001|00|-|-|0.00|1|
20140700|186014803||04/07/2014|01/01/0001|01|0003|12410||6|20547895054|TOMOCLINIC S.A.C.|0.00|2255.85|0.00|0.00|0.00|406.05|0.00|0.00|0.00|2661.90|2.785|01/01/0001|00|-|-|0.00|1|
20140700|186014805||07/07/2014|01/01/0001|01|0003|12411||6|20263368992|CYMED MEDICAL SAC|0.00|10886.45|0.00|0.00|0.00|1959.56|0.00|0.00|0.00|12846.01|2.779|01/01/0001|00|-|-|0.00|1|
20140700|186014806||08/07/2014|01/01/0001|01|0003|12412||6|20101120288|DROGUERIA M Y M S.A.C|0.00|22795.03|0.00|0.00|0.00|4103.11|0.00|0.00|0.00|26898.14|2.773|01/01/0001|00|-|-|0.00|1|
20140700|186014807||08/07/2014|01/01/0001|01|0003|12413||6|20535773263|DIST. MEDICA DIAGNOSTICA SAC|0.00|187117.96|0.00|0.00|0.00|33681.23|0.00|0.00|0.00|220799.19|2.773|01/01/0001|00|-|-|0.00|1|
20140700|186014822||09/07/2014|01/01/0001|01|0003|12414||6|20101120288|DROGUERIA M Y M S.A.C|0.00|2250.08|0.00|0.00|0.00|405.01|0.00|0.00|0.00|2655.09|2.782|01/01/0001|00|-|-|0.00|1|
20140700|186014823||09/07/2014|01/01/0001|01|0003|12415||6|20519023351|THI MEDICAL S.A.C.|0.00|73743.87|0.00|0.00|0.00|13273.90|0.00|0.00|0.00|87017.77|2.782|01/01/0001|00|-|-|0.00|1|
20140700|186014824||10/07/2014|01/01/0001|01|0003|12416||6|20121905907|SERVICIOS RADIOLOGICOS SAC|0.00|1383.59|0.00|0.00|0.00|249.05|0.00|0.00|0.00|1632.64|2.785|01/01/0001|00|-|-|0.00|1|
20140700|186014825||10/07/2014|01/01/0001|01|0003|12417||6|20134923955|RADIOLOGOS SRL|0.00|4511.70|0.00|0.00|0.00|812.11|0.00|0.00|0.00|5323.81|2.785|01/01/0001|00|-|-|0.00|1|
20140700|186014826||10/07/2014|01/01/0001|01|0003|12418||6|20101120288|DROGUERIA M Y M S.A.C|0.00|24307.48|0.00|0.00|0.00|4375.35|0.00|0.00|0.00|28682.83|2.785|01/01/0001|00|-|-|0.00|1|
20140700|186014827||10/07/2014|01/01/0001|01|0003|12419||6|20519023351|THI MEDICAL S.A.C.|0.00|287.80|0.00|0.00|0.00|51.80|0.00|0.00|0.00|339.60|2.785|01/01/0001|00|-|-|0.00|1|
20140700|186014828||10/07/2014|01/01/0001|01|0003|12420||6|20508370092|RESOCLINIC S.A.|0.00|2255.85|0.00|0.00|0.00|406.05|0.00|0.00|0.00|2661.90|2.785|01/01/0001|00|-|-|0.00|1|
20140700|186014829||10/07/2014|01/01/0001|01|0003|12421||6|20100162742|CLINICA SAN FELIPE S.A.|0.00|48843.33|0.00|0.00|0.00|8791.80|0.00|0.00|0.00|57635.13|2.785|01/01/0001|00|-|-|0.00|1|
20140700|186014830||10/07/2014|01/01/0001|01|0003|12422||6|20547895054|TOMOCLINIC S.A.C.|0.00|2255.85|0.00|0.00|0.00|406.05|0.00|0.00|0.00|2661.90|2.785|01/01/0001|00|-|-|0.00|1|
20140700|186014831||10/07/2014|01/01/0001|01|0003|12423||6|20536058690|MEDIPERU S.A|0.00|16710.00|0.00|0.00|0.00|3007.80|0.00|0.00|0.00|19717.80|2.785|01/01/0001|00|-|-|0.00|1|
20140700|186014832||11/07/2014|01/01/0001|01|0003|12424||6|20433460597|MILK DENT IMPORT SAC|0.00|2571.87|0.00|0.00|0.00|462.94|0.00|0.00|0.00|3034.81|2.781|01/01/0001|00|-|-|0.00|1|
20140700|186014833||11/07/2014|01/01/0001|01|0003|12425||6|20101281966|DENT IMPORT SA|0.00|13348.74|0.00|0.00|0.00|2402.77|0.00|0.00|0.00|15751.51|2.781|01/01/0001|00|-|-|0.00|1|
20140700|186014834||11/07/2014|01/01/0001|01|0003|12426||6|20263368992|CYMED MEDICAL SAC|0.00|17430.86|0.00|0.00|0.00|3137.56|0.00|0.00|0.00|20568.42|2.781|01/01/0001|00|-|-|0.00|1|
20140700|186014835||11/07/2014|01/01/0001|01|0003|12427||6|20101120288|DROGUERIA M Y M S.A.C|0.00|2390.55|0.00|0.00|0.00|430.30|0.00|0.00|0.00|2820.85|2.781|01/01/0001|00|-|-|0.00|1|
20140700|186014836||11/07/2014|01/01/0001|01|0003|12428||6|20101120288|DROGUERIA M Y M S.A.C|0.00|1900.81|0.00|0.00|0.00|342.15|0.00|0.00|0.00|2242.96|2.781|01/01/0001|00|-|-|0.00|1|
20140700|186014837||11/07/2014|01/01/0001|01|0003|12429||6|20101120288|DROGUERIA M Y M S.A.C|0.00|32178.84|0.00|0.00|0.00|5792.19|0.00|0.00|0.00|37971.03|2.781|01/01/0001|00|-|-|0.00|1|
20140700|186014838||11/07/2014|01/01/0001|01|0003|12430||6|20519023351|THI MEDICAL S.A.C.|0.00|2661.14|0.00|0.00|0.00|479.01|0.00|0.00|0.00|3140.15|2.781|01/01/0001|00|-|-|0.00|1|
20140700|186014839||11/07/2014|01/01/0001|01|0003|12431||6|20519023351|THI MEDICAL S.A.C.|0.00|32144.80|0.00|0.00|0.00|5786.06|0.00|0.00|0.00|37930.86|2.781|01/01/0001|00|-|-|0.00|1|
20140700|186014840||11/07/2014|01/01/0001|01|0003|12432||6|20519023351|THI MEDICAL S.A.C.|0.00|73115.27|0.00|0.00|0.00|13160.75|0.00|0.00|0.00|86276.02|2.781|01/01/0001|00|-|-|0.00|1|
20140700|186014841||11/07/2014|01/01/0001|01|0003|12433||6|20518375769|INST. DE IMAGENES EN MAMA SAC|0.00|1029.86|0.00|0.00|0.00|185.37|0.00|0.00|0.00|1215.23|2.781|01/01/0001|00|-|-|0.00|1|
20140700|186014842||11/07/2014|01/01/0001|01|0003|12434||6|20518375769|INST. DE IMAGENES EN MAMA SAC|0.00|772.39|0.00|0.00|0.00|139.03|0.00|0.00|0.00|911.42|2.781|01/01/0001|00|-|-|0.00|1|
20140700|186014843||11/07/2014|01/01/0001|01|0003|12435||6|20505126069|X-RAY SALES AND SERVICE S.A.C.|0.00|705.43|0.00|0.00|0.00|126.98|0.00|0.00|0.00|832.41|2.781|01/01/0001|00|-|-|0.00|1|
20140700|186014844||11/07/2014|01/01/0001|01|0003|12436||6|20505126069|X-RAY SALES AND SERVICE S.A.C.|0.00|2469.00|0.00|0.00|0.00|444.42|0.00|0.00|0.00|2913.42|2.781|01/01/0001|00|-|-|0.00|1|
20140700|186014845||11/07/2014|01/01/0001|01|0003|12437||6|20505126069|X-RAY SALES AND SERVICE S.A.C.|0.00|4394.42|0.00|0.00|0.00|791.00|0.00|0.00|0.00|5185.42|2.781|01/01/0001|00|-|-|0.00|1|
20140700|186014846||11/07/2014|01/01/0001|01|0003|12438||6|20505126069|X-RAY SALES AND SERVICE S.A.C.|0.00|32165.82|0.00|0.00|0.00|5789.85|0.00|0.00|0.00|37955.67|2.781|01/01/0001|00|-|-|0.00|1|
20140700|186014847||11/07/2014|01/01/0001|01|0003|12439||6|20505126069|X-RAY SALES AND SERVICE S.A.C.|0.00|22385.72|0.00|0.00|0.00|4029.43|0.00|0.00|0.00|26415.15|2.781|01/01/0001|00|-|-|0.00|1|
20140700|186014851||14/07/2014|01/01/0001|01|0003|12440||6|20509997340|INTERNATIONAL DIAGNOSTIC IMAGING|0.00|5450.52|0.00|0.00|0.00|981.09|0.00|0.00|0.00|6431.61|2.784|01/01/0001|00|-|-|0.00|1|
20140700|186014860||15/07/2014|01/01/0001|01|0003|12441||6|20100162742|CLINICA SAN FELIPE S.A.|0.00|1398.63|0.00|0.00|0.00|251.75|0.00|0.00|0.00|1650.38|2.786|01/01/0001|00|-|-|0.00|1|
20140700|186014861||15/07/2014|01/01/0001|01|0003|12442||6|20536058690|MEDIPERU S.A|0.00|11144.00|0.00|0.00|0.00|2005.92|0.00|0.00|0.00|13149.92|2.786|01/01/0001|00|-|-|0.00|1|
20140700|186014862||15/07/2014|01/01/0001|01|0003|12443||6|20333483395|GAMEL SRL|0.00|1197.42|0.00|0.00|0.00|215.54|0.00|0.00|0.00|1412.96|2.786|01/01/0001|00|-|-|0.00|1|
20140700|186014863||15/07/2014|01/01/0001|01|0003|12444||6|20333483395|GAMEL SRL|0.00|45009.06|0.00|0.00|0.00|8101.63|0.00|0.00|0.00|53110.69|2.786|01/01/0001|00|-|-|0.00|1|
20140700|186014864||15/07/2014|01/01/0001|01|0003|12445||6|20333483395|GAMEL SRL|0.00|80300.32|0.00|0.00|0.00|14454.06|0.00|0.00|0.00|94754.38|2.786|01/01/0001|00|-|-|0.00|1|
20140700|186014865||15/07/2014|01/01/0001|01|0003|12446||6|20101120288|DROGUERIA M Y M S.A.C|0.00|2694.17|0.00|0.00|0.00|484.95|0.00|0.00|0.00|3179.12|2.786|01/01/0001|00|-|-|0.00|1|
20140700|186014866||15/07/2014|01/01/0001|01|0003|12447||6|20101120288|DROGUERIA M Y M S.A.C|0.00|83804.83|0.00|0.00|0.00|15084.87|0.00|0.00|0.00|98889.70|2.786|01/01/0001|00|-|-|0.00|1|
20140700|186014868||16/07/2014|01/01/0001|01|0003|12448||6|20510283415|CVD MEDICAL E.I.R.L.|0.00|104929.52|0.00|0.00|0.00|18887.31|0.00|0.00|0.00|123816.83|2.784|01/01/0001|00|-|-|0.00|1|
20140700|186014869||16/07/2014|01/01/0001|01|0003|12449||6|20100162742|CLINICA SAN FELIPE S.A.|0.00|1010.59|0.00|0.00|0.00|181.91|0.00|0.00|0.00|1192.50|2.784|01/01/0001|00|-|-|0.00|1|
20140700|186014870||16/07/2014|01/01/0001|01|0003|12450||6|20100162742|CLINICA SAN FELIPE S.A.|0.00|175.39|0.00|0.00|0.00|31.57|0.00|0.00|0.00|206.96|2.784|01/01/0001|00|-|-|0.00|1|
20140700|186014877||17/07/2014|01/01/0001|01|0003|12451||6|20506556105|REPRESENTACIONES NIRO SAC|0.00|3656.00|0.00|0.00|0.00|658.08|0.00|0.00|0.00|4314.08|2.784|01/01/0001|00|-|-|0.00|1|
20140700|186014878||17/07/2014|01/01/0001|01|0003|12452||6|20506556105|REPRESENTACIONES NIRO SAC|0.00|3656.00|0.00|0.00|0.00|658.08|0.00|0.00|0.00|4314.08|2.784|01/01/0001|00|-|-|0.00|1|
20140700|186014879||17/07/2014|01/01/0001|01|0003|12453||6|20102271514|RADIOLOGICA SRL|0.00|2890.01|0.00|0.00|0.00|520.20|0.00|0.00|0.00|3410.21|2.784|01/01/0001|00|-|-|0.00|1|
20140700|186014880||17/07/2014|01/01/0001|01|0003|12454||6|20505126069|X-RAY SALES AND SERVICE S.A.C.|0.00|24312.67|0.00|0.00|0.00|4376.28|0.00|0.00|0.00|28688.95|2.784|01/01/0001|00|-|-|0.00|1|
20140700|186014881||17/07/2014|01/01/0001|01|0003|12455||6|20505126069|X-RAY SALES AND SERVICE S.A.C.|0.00|47919.88|0.00|0.00|0.00|8625.58|0.00|0.00|0.00|56545.46|2.784|01/01/0001|00|-|-|0.00|1|
20140700|0||18/07/2014|01/01/0001|01|0003|12456||0||Anulado|0.00|0.00|0.00|0.00|0.00|0.00|0.00|0.00|0.00|0.00|0.000|01/01/0001|00|-|-|0.00|2|
20140700|0||18/07/2014|01/01/0001|01|0003|12457||0||Anulado|0.00|0.00|0.00|0.00|0.00|0.00|0.00|0.00|0.00|0.00|0.000|01/01/0001|00|-|-|0.00|2|
20140700|0||18/07/2014|01/01/0001|01|0003|12458||0||Anulado|0.00|0.00|0.00|0.00|0.00|0.00|0.00|0.00|0.00|0.00|0.000|01/01/0001|00|-|-|0.00|2|
20140700|0||18/07/2014|01/01/0001|01|0003|12459||0||Anulado|0.00|0.00|0.00|0.00|0.00|0.00|0.00|0.00|0.00|0.00|0.000|01/01/0001|00|-|-|0.00|2|
20140700|0||18/07/2014|01/01/0001|01|0003|12460||0||Anulado|0.00|0.00|0.00|0.00|0.00|0.00|0.00|0.00|0.00|0.00|0.000|01/01/0001|00|-|-|0.00|2|
20140700|0||18/07/2014|01/01/0001|01|0003|12461||0||Anulado|0.00|0.00|0.00|0.00|0.00|0.00|0.00|0.00|0.00|0.00|0.000|01/01/0001|00|-|-|0.00|2|
20140700|0||18/07/2014|01/01/0001|01|0003|12462||0||Anulado|0.00|0.00|0.00|0.00|0.00|0.00|0.00|0.00|0.00|0.00|0.000|01/01/0001|00|-|-|0.00|2|
20140700|0||18/07/2014|01/01/0001|01|0003|12463||0||Anulado|0.00|0.00|0.00|0.00|0.00|0.00|0.00|0.00|0.00|0.00|0.000|01/01/0001|00|-|-|0.00|2|
20140700|0||18/07/2014|01/01/0001|01|0003|12464||0||Anulado|0.00|0.00|0.00|0.00|0.00|0.00|0.00|0.00|0.00|0.00|0.000|01/01/0001|00|-|-|0.00|2|
20140700|0||18/07/2014|01/01/0001|01|0003|12465||0||Anulado|0.00|0.00|0.00|0.00|0.00|0.00|0.00|0.00|0.00|0.00|0.000|01/01/0001|00|-|-|0.00|2|
20140700|0||18/07/2014|01/01/0001|01|0003|12466||0||Anulado|0.00|0.00|0.00|0.00|0.00|0.00|0.00|0.00|0.00|0.00|0.000|01/01/0001|00|-|-|0.00|2|
20140700|0||18/07/2014|01/01/0001|01|0003|12467||0||Anulado|0.00|0.00|0.00|0.00|0.00|0.00|0.00|0.00|0.00|0.00|0.000|01/01/0001|00|-|-|0.00|2|
20140700|186014882||18/07/2014|01/01/0001|01|0003|12468||6|20121905907|SERVICIOS RADIOLOGICOS SAC|0.00|2368.58|0.00|0.00|0.00|426.34|0.00|0.00|0.00|2794.92|2.793|01/01/0001|00|-|-|0.00|1|
20140700|186014883||18/07/2014|01/01/0001|01|0003|12469||6|20263368992|CYMED MEDICAL SAC|0.00|22856.52|0.00|0.00|0.00|4114.17|0.00|0.00|0.00|26970.69|2.793|01/01/0001|00|-|-|0.00|1|
20140700|186014884||18/07/2014|01/01/0001|01|0003|12470||6|20134923955|RADIOLOGOS SRL|0.00|3770.55|0.00|0.00|0.00|678.70|0.00|0.00|0.00|4449.25|2.793|01/01/0001|00|-|-|0.00|1|
20140700|186014885||18/07/2014|01/01/0001|01|0003|12471||6|20518375769|INST. DE IMAGENES EN MAMA SAC|0.00|1034.30|0.00|0.00|0.00|186.17|0.00|0.00|0.00|1220.47|2.793|01/01/0001|00|-|-|0.00|1|
20140700|186014886||18/07/2014|01/01/0001|01|0003|12472||6|20508370092|RESOCLINIC S.A.|0.00|2262.33|0.00|0.00|0.00|407.22|0.00|0.00|0.00|2669.55|2.793|01/01/0001|00|-|-|0.00|1|
20140700|186014887||18/07/2014|01/01/0001|01|0003|12473||6|20535773263|DIST. MEDICA DIAGNOSTICA SAC|0.00|10827.34|0.00|0.00|0.00|1948.92|0.00|0.00|0.00|12776.26|2.793|01/01/0001|00|-|-|0.00|1|
20140700|186014888||18/07/2014|01/01/0001|01|0003|12474||6|20547895054|TOMOCLINIC S.A.C.|0.00|2262.33|0.00|0.00|0.00|407.22|0.00|0.00|0.00|2669.55|2.793|01/01/0001|00|-|-|0.00|1|
20140700|186014889||18/07/2014|01/01/0001|01|0003|12475||6|20131257750|SEGURO SOCIAL DE SALUD-ESSALUD|0.00|240.53|0.00|0.00|0.00|43.30|0.00|0.00|0.00|283.83|1.000|01/01/0001|00|-|-|0.00|1|
20140700|186014890||18/07/2014|01/01/0001|01|0003|12476||6|20131257750|SEGURO SOCIAL DE SALUD-ESSALUD|0.00|1082.38|0.00|0.00|0.00|194.83|0.00|0.00|0.00|1277.21|1.000|01/01/0001|00|-|-|0.00|1|
20140700|186014891||18/07/2014|01/01/0001|01|0003|12477||6|20131257750|SEGURO SOCIAL DE SALUD-ESSALUD|0.00|1803.97|0.00|0.00|0.00|324.71|0.00|0.00|0.00|2128.68|1.000|01/01/0001|00|-|-|0.00|1|
20140700|186014892||18/07/2014|01/01/0001|01|0003|12478||6|20131257750|SEGURO SOCIAL DE SALUD-ESSALUD|0.00|1202.64|0.00|0.00|0.00|216.48|0.00|0.00|0.00|1419.12|1.000|01/01/0001|00|-|-|0.00|1|
20140700|186014893||18/07/2014|01/01/0001|01|0003|12479||6|20131257750|SEGURO SOCIAL DE SALUD-ESSALUD|0.00|4810.58|0.00|0.00|0.00|865.90|0.00|0.00|0.00|5676.48|1.000|01/01/0001|00|-|-|0.00|1|
20140700|186014894||18/07/2014|01/01/0001|01|0003|12480||6|20131257750|SEGURO SOCIAL DE SALUD-ESSALUD|0.00|6494.28|0.00|0.00|0.00|1168.97|0.00|0.00|0.00|7663.25|1.000|01/01/0001|00|-|-|0.00|1|
20140700|186014895||18/07/2014|01/01/0001|01|0003|12481||6|20131257750|SEGURO SOCIAL DE SALUD-ESSALUD|0.00|240.53|0.00|0.00|0.00|43.30|0.00|0.00|0.00|283.83|1.000|01/01/0001|00|-|-|0.00|1|
20140700|186014896||18/07/2014|01/01/0001|01|0003|12482||6|20131257750|SEGURO SOCIAL DE SALUD-ESSALUD|0.00|7215.86|0.00|0.00|0.00|1298.85|0.00|0.00|0.00|8514.71|1.000|01/01/0001|00|-|-|0.00|1|
20140700|186014897||18/07/2014|01/01/0001|01|0003|12483||6|20131257750|SEGURO SOCIAL DE SALUD-ESSALUD|0.00|2645.82|0.00|0.00|0.00|476.25|0.00|0.00|0.00|3122.07|1.000|01/01/0001|00|-|-|0.00|1|
20140700|186014898||18/07/2014|01/01/0001|01|0003|12484||6|20131257750|SEGURO SOCIAL DE SALUD-ESSALUD|0.00|8298.24|0.00|0.00|0.00|1493.68|0.00|0.00|0.00|9791.92|1.000|01/01/0001|00|-|-|0.00|1|
20140700|186014899||18/07/2014|01/01/0001|01|0003|12485||6|20131257750|SEGURO SOCIAL DE SALUD-ESSALUD|0.00|601.32|0.00|0.00|0.00|108.24|0.00|0.00|0.00|709.56|1.000|01/01/0001|00|-|-|0.00|1|
20140700|186014900||18/07/2014|01/01/0001|01|0003|12486||6|20131257750|SEGURO SOCIAL DE SALUD-ESSALUD|0.00|3126.87|0.00|0.00|0.00|562.84|0.00|0.00|0.00|3689.71|1.000|01/01/0001|00|-|-|0.00|1|
20140700|186014901||18/07/2014|01/01/0001|01|0003|12487||6|20131257750|SEGURO SOCIAL DE SALUD-ESSALUD|0.00|240.53|0.00|0.00|0.00|43.30|0.00|0.00|0.00|283.83|1.000|01/01/0001|00|-|-|0.00|1|
20140700|186014902||18/07/2014|01/01/0001|01|0003|12488||6|20131257750|SEGURO SOCIAL DE SALUD-ESSALUD|0.00|240.53|0.00|0.00|0.00|43.30|0.00|0.00|0.00|283.83|1.000|01/01/0001|00|-|-|0.00|1|
20140700|186014903||18/07/2014|01/01/0001|01|0003|12489||6|20131257750|SEGURO SOCIAL DE SALUD-ESSALUD|0.00|601.32|0.00|0.00|0.00|108.24|0.00|0.00|0.00|709.56|1.000|01/01/0001|00|-|-|0.00|1|
20140700|186014904||18/07/2014|01/01/0001|01|0003|12490||6|20131257750|SEGURO SOCIAL DE SALUD-ESSALUD|0.00|120.26|0.00|0.00|0.00|21.65|0.00|0.00|0.00|141.91|1.000|01/01/0001|00|-|-|0.00|1|
20140700|186014905||18/07/2014|01/01/0001|01|0003|12491||6|20131257750|SEGURO SOCIAL DE SALUD-ESSALUD|0.00|4329.52|0.00|0.00|0.00|779.31|0.00|0.00|0.00|5108.83|1.000|01/01/0001|00|-|-|0.00|1|
20140700|186014906||18/07/2014|01/01/0001|01|0003|12492||6|20394674371|SERVIMEDICOS S.A.C.|0.00|5281.56|0.00|0.00|0.00|950.68|0.00|0.00|0.00|6232.24|2.793|01/01/0001|00|-|-|0.00|1|
20140700|0||21/07/2014|01/01/0001|01|0003|12493||0||Anulado|0.00|0.00|0.00|0.00|0.00|0.00|0.00|0.00|0.00|0.00|0.000|01/01/0001|00|-|-|0.00|2|
20140700|0||21/07/2014|01/01/0001|01|0003|12494||0||Anulado|0.00|0.00|0.00|0.00|0.00|0.00|0.00|0.00|0.00|0.00|0.000|01/01/0001|00|-|-|0.00|2|
20140700|186014909||21/07/2014|01/01/0001|01|0003|12495||6|20131257750|SEGURO SOCIAL DE SALUD-ESSALUD|0.00|6614.54|0.00|0.00|0.00|1190.62|0.00|0.00|0.00|7805.16|1.000|01/01/0001|00|-|-|0.00|1|
20140700|186014910||21/07/2014|01/01/0001|01|0003|12496||6|20131257750|SEGURO SOCIAL DE SALUD-ESSALUD|0.00|10222.47|0.00|0.00|0.00|1840.04|0.00|0.00|0.00|12062.51|1.000|01/01/0001|00|-|-|0.00|1|
20140700|186014911||21/07/2014|01/01/0001|01|0003|12497||6|20131257750|SEGURO SOCIAL DE SALUD-ESSALUD|0.00|2886.35|0.00|0.00|0.00|519.54|0.00|0.00|0.00|3405.89|1.000|01/01/0001|00|-|-|0.00|1|
20140700|186014912||21/07/2014|01/01/0001|01|0003|12498||6|20131257750|SEGURO SOCIAL DE SALUD-ESSALUD|0.00|10102.21|0.00|0.00|0.00|1818.40|0.00|0.00|0.00|11920.61|1.000|01/01/0001|00|-|-|0.00|1|
20140700|186014913||21/07/2014|01/01/0001|01|0003|12499||6|20131257750|SEGURO SOCIAL DE SALUD-ESSALUD|0.00|19843.63|0.00|0.00|0.00|3571.85|0.00|0.00|0.00|23415.48|1.000|01/01/0001|00|-|-|0.00|1|
20140700|0||21/07/2014|01/01/0001|01|0003|12500||0||Anulado|0.00|0.00|0.00|0.00|0.00|0.00|0.00|0.00|0.00|0.00|0.000|01/01/0001|00|-|-|0.00|2|
20140700|0||21/07/2014|01/01/0001|01|0003|12501||0||Anulado|0.00|0.00|0.00|0.00|0.00|0.00|0.00|0.00|0.00|0.00|0.000|01/01/0001|00|-|-|0.00|2|
20140700|0||21/07/2014|01/01/0001|01|0003|12502||0||Anulado|0.00|0.00|0.00|0.00|0.00|0.00|0.00|0.00|0.00|0.00|0.000|01/01/0001|00|-|-|0.00|2|
20140700|0||21/07/2014|01/01/0001|01|0003|12503||0||Anulado|0.00|0.00|0.00|0.00|0.00|0.00|0.00|0.00|0.00|0.00|0.000|01/01/0001|00|-|-|0.00|2|
20140700|0||21/07/2014|01/01/0001|01|0003|12504||0||Anulado|0.00|0.00|0.00|0.00|0.00|0.00|0.00|0.00|0.00|0.00|0.000|01/01/0001|00|-|-|0.00|2|
20140700|0||21/07/2014|01/01/0001|01|0003|12505||0||Anulado|0.00|0.00|0.00|0.00|0.00|0.00|0.00|0.00|0.00|0.00|0.000|01/01/0001|00|-|-|0.00|2|
20140700|186014907||21/07/2014|01/01/0001|01|0003|12506||6|20433460597|MILK DENT IMPORT SAC|0.00|54867.02|0.00|0.00|0.00|9876.06|0.00|0.00|0.00|64743.08|2.790|01/01/0001|00|-|-|0.00|1|
20140700|186014908||21/07/2014|01/01/0001|01|0003|12507||6|20260239121|CEREMA S.A.|0.00|33480.00|0.00|0.00|0.00|6026.40|0.00|0.00|0.00|39506.40|2.790|01/01/0001|00|-|-|0.00|1|
20140700|186014914||21/07/2014|01/01/0001|01|0003|12508||6|20101120288|DROGUERIA M Y M S.A.C|0.00|100798.12|0.00|0.00|0.00|18143.66|0.00|0.00|0.00|118941.78|2.790|01/01/0001|00|-|-|0.00|1|
20140700|186014915||21/07/2014|01/01/0001|01|0003|12509||6|20505126069|X-RAY SALES AND SERVICE S.A.C.|0.00|1261.19|0.00|0.00|0.00|227.01|0.00|0.00|0.00|1488.20|2.790|01/01/0001|00|-|-|0.00|1|
20140700|186014916||22/07/2014|01/01/0001|01|0003|12510||6|20101281966|DENT IMPORT SA|0.00|25514.81|0.00|0.00|0.00|4592.67|0.00|0.00|0.00|30107.48|2.794|01/01/0001|00|-|-|0.00|1|
20140700|186014917||22/07/2014|01/01/0001|01|0003|12511||6|20107463705|CLINICA SAN PABLO S.A.C.|0.00|18252.53|0.00|0.00|0.00|3285.46|0.00|0.00|0.00|21537.99|2.794|01/01/0001|00|-|-|0.00|1|
20140700|186014918||22/07/2014|01/01/0001|01|0003|12512||6|20101120288|DROGUERIA M Y M S.A.C|0.00|53644.80|0.00|0.00|0.00|9656.06|0.00|0.00|0.00|63300.86|2.794|01/01/0001|00|-|-|0.00|1|
20140700|186014919||22/07/2014|01/01/0001|01|0003|12513||6|20101120288|DROGUERIA M Y M S.A.C|0.00|15317.10|0.00|0.00|0.00|2757.08|0.00|0.00|0.00|18074.18|2.794|01/01/0001|00|-|-|0.00|1|
20140700|186014920||22/07/2014|01/01/0001|01|0003|12514||6|20101120288|DROGUERIA M Y M S.A.C|0.00|4035.37|0.00|0.00|0.00|726.37|0.00|0.00|0.00|4761.74|2.794|01/01/0001|00|-|-|0.00|1|
20140700|186014921||22/07/2014|01/01/0001|01|0003|12515||6|20505126069|X-RAY SALES AND SERVICE S.A.C.|0.00|43865.80|0.00|0.00|0.00|7895.84|0.00|0.00|0.00|51761.64|2.794|01/01/0001|00|-|-|0.00|1|
20140700|186014925||23/07/2014|01/01/0001|01|0003|12516||6|20519023351|THI MEDICAL S.A.C.|0.00|191129.95|0.00|0.00|0.00|34403.39|0.00|0.00|0.00|225533.34|2.788|01/01/0001|00|-|-|0.00|1|
20140700|186014926||23/07/2014|01/01/0001|01|0003|12517||6|20519023351|THI MEDICAL S.A.C.|0.00|56257.66|0.00|0.00|0.00|10126.38|0.00|0.00|0.00|66384.04|2.788|01/01/0001|00|-|-|0.00|1|
20140700|186014927||23/07/2014|01/01/0001|01|0003|12518||6|20536058690|MEDIPERU S.A|0.00|11152.00|0.00|0.00|0.00|2007.36|0.00|0.00|0.00|13159.36|2.788|01/01/0001|00|-|-|0.00|1|
20140700|186014930||24/07/2014|01/01/0001|01|0003|12519||6|20333483395|GAMEL SRL|0.00|33624.38|0.00|0.00|0.00|6052.39|0.00|0.00|0.00|39676.77|2.789|01/01/0001|00|-|-|0.00|1|
20140700|186014931||24/07/2014|01/01/0001|01|0003|12520||6|20508790971|CLINICA NUEVO SAN JUAN SAC|0.00|7336.99|0.00|0.00|0.00|1320.66|0.00|0.00|0.00|8657.65|2.789|01/01/0001|00|-|-|0.00|1|
20140700|186014932||24/07/2014|01/01/0001|01|0003|12521||6|20107463705|CLINICA SAN PABLO S.A.C.|0.00|3090.16|0.00|0.00|0.00|556.23|0.00|0.00|0.00|3646.39|2.789|01/01/0001|00|-|-|0.00|1|
20140700|186014933||24/07/2014|01/01/0001|01|0003|12522||6|20107463705|CLINICA SAN PABLO S.A.C.|0.00|9632.93|0.00|0.00|0.00|1733.93|0.00|0.00|0.00|11366.86|2.789|01/01/0001|00|-|-|0.00|1|
20140700|186014934||24/07/2014|01/01/0001|01|0003|12523||6|20263368992|CYMED MEDICAL SAC|0.00|9531.41|0.00|0.00|0.00|1715.65|0.00|0.00|0.00|11247.06|2.789|01/01/0001|00|-|-|0.00|1|
20140700|186014935||24/07/2014|01/01/0001|01|0003|12524||6|20134923955|RADIOLOGOS SRL|0.00|3765.15|0.00|0.00|0.00|677.73|0.00|0.00|0.00|4442.88|2.789|01/01/0001|00|-|-|0.00|1|
20140700|0||24/07/2014|01/01/0001|01|0003|12525||0||Anulado|0.00|0.00|0.00|0.00|0.00|0.00|0.00|0.00|0.00|0.00|2.789|01/01/0001|00|-|-|0.00|2|
20140700|186014937||24/07/2014|01/01/0001|01|0003|12526||6|20517738701|CLINICA JESUS DEL NORTE SAC|0.00|23449.63|0.00|0.00|0.00|4220.93|0.00|0.00|0.00|27670.56|2.789|01/01/0001|00|-|-|0.00|1|
20140700|186014938||24/07/2014|01/01/0001|01|0003|12527||6|20519023351|THI MEDICAL S.A.C.|0.00|4183.50|0.00|0.00|0.00|753.03|0.00|0.00|0.00|4936.53|2.789|01/01/0001|00|-|-|0.00|1|
20140700|186014939||24/07/2014|01/01/0001|01|0003|12528||6|20519023351|THI MEDICAL S.A.C.|0.00|287646.30|0.00|0.00|0.00|51776.33|0.00|0.00|0.00|339422.63|2.789|01/01/0001|00|-|-|0.00|1|
20140700|186014940||24/07/2014|01/01/0001|01|0003|12529||6|20518375769|INST. DE IMAGENES EN MAMA SAC|0.00|1032.82|0.00|0.00|0.00|185.91|0.00|0.00|0.00|1218.73|2.789|01/01/0001|00|-|-|0.00|1|
20140700|186014941||24/07/2014|01/01/0001|01|0003|12530||6|20508370092|RESOCLINIC S.A.|0.00|2259.09|0.00|0.00|0.00|406.64|0.00|0.00|0.00|2665.73|2.789|01/01/0001|00|-|-|0.00|1|
20140700|186014942||24/07/2014|01/01/0001|01|0003|12531||6|20535773263|DIST. MEDICA DIAGNOSTICA SAC|0.00|33140.91|0.00|0.00|0.00|5965.36|0.00|0.00|0.00|39106.27|2.789|01/01/0001|00|-|-|0.00|1|
20140700|186014943||24/07/2014|01/01/0001|01|0003|12532||6|20547895054|TOMOCLINIC S.A.C.|0.00|1506.06|0.00|0.00|0.00|271.09|0.00|0.00|0.00|1777.15|2.789|01/01/0001|00|-|-|0.00|1|
20140700|0||24/07/2014|01/01/0001|01|0003|12533||0||Anulado|0.00|0.00|0.00|0.00|0.00|0.00|0.00|0.00|0.00|0.00|2.789|01/01/0001|00|-|-|0.00|2|
20140700|186014946||25/07/2014|01/01/0001|01|0003|12534||6|20508790971|CLINICA NUEVO SAN JUAN SAC|0.00|1795.49|0.00|0.00|0.00|323.19|0.00|0.00|0.00|2118.68|2.785|01/01/0001|00|-|-|0.00|1|
20140700|186014947||25/07/2014|01/01/0001|01|0003|12535||6|20509997340|INTERNATIONAL DIAGNOSTIC IMAGING|0.00|7269.96|0.00|0.00|0.00|1308.59|0.00|0.00|0.00|8578.55|2.785|01/01/0001|00|-|-|0.00|1|
20140700|186014948||25/07/2014|01/01/0001|01|0003|12536||6|20102271514|RADIOLOGICA SRL|0.00|299.25|0.00|0.00|0.00|53.86|0.00|0.00|0.00|353.11|2.785|01/01/0001|00|-|-|0.00|1|
20140700|0||25/07/2014|01/01/0001|01|0003|12537||0||Anulado|0.00|0.00|0.00|0.00|0.00|0.00|0.00|0.00|0.00|0.00|2.785|01/01/0001|00|-|-|0.00|2|
20140700|0||25/07/2014|01/01/0001|01|0003|12538||0||Anulado|0.00|0.00|0.00|0.00|0.00|0.00|0.00|0.00|0.00|0.00|2.785|01/01/0001|00|-|-|0.00|2|
20140700|186014951||25/07/2014|01/01/0001|01|0003|12539||6|20107463705|CLINICA SAN PABLO S.A.C.|0.00|245.41|0.00|0.00|0.00|44.17|0.00|0.00|0.00|289.58|2.785|01/01/0001|00|-|-|0.00|1|
20140700|186014952||25/07/2014|01/01/0001|01|0003|12540||6|20121905907|SERVICIOS RADIOLOGICOS SAC|0.00|1123.47|0.00|0.00|0.00|202.22|0.00|0.00|0.00|1325.69|2.785|01/01/0001|00|-|-|0.00|1|
20140700|186014953||25/07/2014|01/01/0001|01|0003|12541||6|20505018509|CLINICA SAN GABRIEL SAC|0.00|17071.49|0.00|0.00|0.00|3072.87|0.00|0.00|0.00|20144.36|2.785|01/01/0001|00|-|-|0.00|1|
20140700|0||25/07/2014|01/01/0001|01|0003|12542||0||Anulado|0.00|0.00|0.00|0.00|0.00|0.00|0.00|0.00|0.00|0.00|2.785|01/01/0001|00|-|-|0.00|2|
20140700|186014955||25/07/2014|01/01/0001|01|0003|12543||6|20107463705|CLINICA SAN PABLO S.A.C.|0.00|1196.99|0.00|0.00|0.00|215.46|0.00|0.00|0.00|1412.45|2.785|01/01/0001|00|-|-|0.00|1|
20140700|186014956||25/07/2014|01/01/0001|01|0003|12544||6|20107463705|CLINICA SAN PABLO S.A.C.|0.00|1795.49|0.00|0.00|0.00|323.19|0.00|0.00|0.00|2118.68|2.785|01/01/0001|00|-|-|0.00|1|
20140700|186014957||25/07/2014|01/01/0001|01|0003|12545||6|20517738701|CLINICA JESUS DEL NORTE SAC|0.00|8977.45|0.00|0.00|0.00|1615.94|0.00|0.00|0.00|10593.39|2.785|01/01/0001|00|-|-|0.00|1|
20140700|186014958||25/07/2014|01/01/0001|01|0003|12546||6|20107463705|CLINICA SAN PABLO S.A.C.|0.00|6173.23|0.00|0.00|0.00|1111.18|0.00|0.00|0.00|7284.41|2.785|01/01/0001|00|-|-|0.00|1|
20140700|186014974||30/07/2014|01/01/0001|01|0003|12547||6|20101120288|DROGUERIA M Y M S.A.C|0.00|40412.89|0.00|0.00|0.00|7274.32|0.00|0.00|0.00|47687.21|2.787|01/01/0001|00|-|-|0.00|1|
20140700|186014975||30/07/2014|01/01/0001|01|0003|12548||6|20333483395|GAMEL SRL|0.00|21162.69|0.00|0.00|0.00|3809.28|0.00|0.00|0.00|24971.97|2.787|01/01/0001|00|-|-|0.00|1|
20140700|186014976||30/07/2014|01/01/0001|01|0003|12549||6|20333483395|GAMEL SRL|0.00|7896.69|0.00|0.00|0.00|1421.40|0.00|0.00|0.00|9318.09|2.787|01/01/0001|00|-|-|0.00|1|
20140700|186014977||30/07/2014|01/01/0001|01|0003|12550||6|20333483395|GAMEL SRL|0.00|6617.87|0.00|0.00|0.00|1191.22|0.00|0.00|0.00|7809.09|2.787|01/01/0001|00|-|-|0.00|1|
20140700|186014978||30/07/2014|01/01/0001|01|0003|12551||6|20503472229|DENTAL PAYLOC E.I.R.L.|0.00|40302.81|0.00|0.00|0.00|7254.51|0.00|0.00|0.00|47557.32|2.787|01/01/0001|00|-|-|0.00|1|
20140700|186014980||31/07/2014|01/01/0001|01|0003|12552||6|20509997340|INTERNATIONAL DIAGNOSTIC IMAGING|0.00|1457.11|0.00|0.00|0.00|262.28|0.00|0.00|0.00|1719.39|2.790|01/01/0001|00|-|-|0.00|1|
20140700|186014981||31/07/2014|01/01/0001|01|0003|12553||6|20102271514|RADIOLOGICA SRL|0.00|3452.60|0.00|0.00|0.00|621.47|0.00|0.00|0.00|4074.07|2.790|01/01/0001|00|-|-|0.00|1|
20140700|186014982||31/07/2014|01/01/0001|01|0003|12554||6|20519023351|THI MEDICAL S.A.C.|0.00|9153.43|0.00|0.00|0.00|1647.62|0.00|0.00|0.00|10801.05|2.790|01/01/0001|00|-|-|0.00|1|
20140700|186014983||31/07/2014|01/01/0001|01|0003|12555||6|20101120288|DROGUERIA M Y M S.A.C|0.00|139361.62|0.00|0.00|0.00|25085.09|0.00|0.00|0.00|164446.71|2.790|01/01/0001|00|-|-|0.00|1|
20140700|186014984||31/07/2014|01/01/0001|01|0003|12556||6|20536058690|MEDIPERU S.A|0.00|11160.00|0.00|0.00|0.00|2008.80|0.00|0.00|0.00|13168.80|2.790|01/01/0001|00|-|-|0.00|1|
20140700|186014784||02/07/2014|01/01/0001|01|0004|3594||6|20509997340|INTERNATIONAL DIAGNOSTIC IMAGING|0.00|173.69|0.00|0.00|0.00|31.26|0.00|0.00|0.00|204.95|2.797|01/01/0001|00|-|-|0.00|1|
20140700|186014785||03/07/2014|01/01/0001|01|0004|3595||6|20504080197|SERV.MEDICOS DE DIAGNOSTICO|0.00|517.08|0.00|0.00|0.00|93.07|0.00|0.00|0.00|610.15|2.795|01/01/0001|00|-|-|0.00|1|
20140700|0||03/07/2014|01/01/0001|01|0004|3596||0||Anulado|0.00|0.00|0.00|0.00|0.00|0.00|0.00|0.00|0.00|0.00|2.795|01/01/0001|00|-|-|0.00|2|
20140700|186014787||03/07/2014|01/01/0001|01|0004|3597||6|20519023351|THI MEDICAL S.A.C.|0.00|1210.24|0.00|0.00|0.00|217.84|0.00|0.00|0.00|1428.08|2.795|01/01/0001|00|-|-|0.00|1|
20140700|186014786||03/07/2014|01/01/0001|01|0004|3598||6|20333483395|GAMEL SRL|0.00|1149.72|0.00|0.00|0.00|206.95|0.00|0.00|0.00|1356.67|2.795|01/01/0001|00|-|-|0.00|1|
20140700|186014788||03/07/2014|01/01/0001|01|0004|3599||6|20519023351|THI MEDICAL S.A.C.|0.00|1210.24|0.00|0.00|0.00|217.84|0.00|0.00|0.00|1428.08|2.795|01/01/0001|00|-|-|0.00|1|
20140700|186014789||03/07/2014|01/01/0001|01|0004|3600||6|20519023351|THI MEDICAL S.A.C.|0.00|1210.24|0.00|0.00|0.00|217.84|0.00|0.00|0.00|1428.08|2.795|01/01/0001|00|-|-|0.00|1|
20140700|186014790||03/07/2014|01/01/0001|01|0004|3601||6|20535773263|DIST. MEDICA DIAGNOSTICA SAC|0.00|3423.88|0.00|0.00|0.00|616.30|0.00|0.00|0.00|4040.18|2.795|01/01/0001|00|-|-|0.00|1|
20140700|186014791||03/07/2014|01/01/0001|01|0004|3602||6|20301806664|DPI DEL PERU S.A.|0.00|3026.99|0.00|0.00|0.00|544.86|0.00|0.00|0.00|3571.85|2.795|01/01/0001|00|-|-|0.00|1|
20140700|186014792||03/07/2014|01/01/0001|01|0004|3603||6|20512866001|INSTITUTO MEDICO DE LA MUJER S.A.C|0.00|1540.05|0.00|0.00|0.00|277.21|0.00|0.00|0.00|1817.26|2.795|01/01/0001|00|-|-|0.00|1|
20140700|186014804||07/07/2014|01/01/0001|01|0004|3604||6|20121905907|SERVICIOS RADIOLOGICOS SAC|0.00|14928.79|0.00|0.00|0.00|2687.18|0.00|0.00|0.00|17615.97|2.779|01/01/0001|00|-|-|0.00|1|
20140700|186014808||09/07/2014|01/01/0001|01|0004|3605||6|20504080197|SERV.MEDICOS DE DIAGNOSTICO|0.00|272.64|0.00|0.00|0.00|49.07|0.00|0.00|0.00|321.71|2.782|01/01/0001|00|-|-|0.00|1|
20140700|186014809||09/07/2014|01/01/0001|01|0004|3606||6|20102271514|RADIOLOGICA SRL|0.00|751.14|0.00|0.00|0.00|135.21|0.00|0.00|0.00|886.35|2.782|01/01/0001|00|-|-|0.00|1|
20140700|186014810||09/07/2014|01/01/0001|01|0004|3607||6|20509997340|INTERNATIONAL DIAGNOSTIC IMAGING|0.00|7789.60|0.00|0.00|0.00|1402.13|0.00|0.00|0.00|9191.73|2.782|01/01/0001|00|-|-|0.00|1|
20140700|186014811||09/07/2014|01/01/0001|01|0004|3608||6|20502454111|TOMOGRAFIA MEDICA SAC|0.00|937.53|0.00|0.00|0.00|168.76|0.00|0.00|0.00|1106.29|2.782|01/01/0001|00|-|-|0.00|1|
20140700|186014812||09/07/2014|01/01/0001|01|0004|3609||6|20121905907|SERVICIOS RADIOLOGICOS SAC|0.00|1009.87|0.00|0.00|0.00|181.78|0.00|0.00|0.00|1191.65|2.782|01/01/0001|00|-|-|0.00|1|
20140700|186014813||09/07/2014|01/01/0001|01|0004|3610||6|20121905907|SERVICIOS RADIOLOGICOS SAC|0.00|1051.60|0.00|0.00|0.00|189.29|0.00|0.00|0.00|1240.89|2.782|01/01/0001|00|-|-|0.00|1|
20140700|186014815||09/07/2014|01/01/0001|01|0004|3611||6|20263368992|CYMED MEDICAL SAC|0.00|383.92|0.00|0.00|0.00|69.10|0.00|0.00|0.00|453.02|2.782|01/01/0001|00|-|-|0.00|1|
20140700|186014814||09/07/2014|01/01/0001|01|0004|3612||6|20121905907|SERVICIOS RADIOLOGICOS SAC|0.00|4437.29|0.00|0.00|0.00|798.71|0.00|0.00|0.00|5236.00|2.782|01/01/0001|00|-|-|0.00|1|
20140700|186014816||09/07/2014|01/01/0001|01|0004|3613||6|20263368992|CYMED MEDICAL SAC|0.00|383.92|0.00|0.00|0.00|69.10|0.00|0.00|0.00|453.02|2.782|01/01/0001|00|-|-|0.00|1|
20140700|186014817||09/07/2014|01/01/0001|01|0004|3614||6|20394674371|SERVIMEDICOS S.A.C.|0.00|2812.60|0.00|0.00|0.00|506.27|0.00|0.00|0.00|3318.87|2.782|01/01/0001|00|-|-|0.00|1|
20140700|186014818||09/07/2014|01/01/0001|01|0004|3615||6|20519023351|THI MEDICAL S.A.C.|0.00|514.67|0.00|0.00|0.00|92.64|0.00|0.00|0.00|607.31|2.782|01/01/0001|00|-|-|0.00|1|
20140700|186014819||09/07/2014|01/01/0001|01|0004|3616||6|20100054184|CLINICA INTERNACIONAL S. A.|0.00|1585.74|0.00|0.00|0.00|285.43|0.00|0.00|0.00|1871.17|2.782|01/01/0001|00|-|-|0.00|1|
20140700|186014820||09/07/2014|01/01/0001|01|0004|3617||6|20100162742|CLINICA SAN FELIPE S.A.|0.00|904.15|0.00|0.00|0.00|162.75|0.00|0.00|0.00|1066.90|2.782|01/01/0001|00|-|-|0.00|1|
20140700|186014821||09/07/2014|01/01/0001|01|0004|3618||6|20100162742|CLINICA SAN FELIPE S.A.|0.00|6721.31|0.00|0.00|0.00|1209.84|0.00|0.00|0.00|7931.15|2.782|01/01/0001|00|-|-|0.00|1|
20140700|186014848||14/07/2014|01/01/0001|01|0004|3619||6|20519023351|THI MEDICAL S.A.C.|0.00|515.04|0.00|0.00|0.00|92.71|0.00|0.00|0.00|607.75|2.784|01/01/0001|00|-|-|0.00|1|
20140700|186014849||14/07/2014|01/01/0001|01|0004|3620||6|20535773263|DIST. MEDICA DIAGNOSTICA SAC|0.00|1840.22|0.00|0.00|0.00|331.24|0.00|0.00|0.00|2171.46|2.784|01/01/0001|00|-|-|0.00|1|
20140700|186014850||14/07/2014|01/01/0001|01|0004|3621||6|20100054184|CLINICA INTERNACIONAL S. A.|0.00|4732.80|0.00|0.00|0.00|851.90|0.00|0.00|0.00|5584.70|2.784|01/01/0001|00|-|-|0.00|1|
20140700|186014852||14/07/2014|01/01/0001|01|0004|3622||6|20101120288|DROGUERIA M Y M S.A.C|0.00|180.12|0.00|0.00|0.00|32.42|0.00|0.00|0.00|212.54|2.784|01/01/0001|00|-|-|0.00|1|
20140700|186014853||15/07/2014|01/01/0001|01|0004|3623||6|20333483395|GAMEL SRL|0.00|5349.18|0.00|0.00|0.00|962.85|0.00|0.00|0.00|6312.03|2.786|01/01/0001|00|-|-|0.00|1|
20140700|186014854||15/07/2014|01/01/0001|01|0004|3624||6|20509997340|INTERNATIONAL DIAGNOSTIC IMAGING|0.00|1161.76|0.00|0.00|0.00|209.12|0.00|0.00|0.00|1370.88|2.786|01/01/0001|00|-|-|0.00|1|
20140700|186014855||15/07/2014|01/01/0001|01|0004|3625||6|20263368992|CYMED MEDICAL SAC|0.00|579.49|0.00|0.00|0.00|104.31|0.00|0.00|0.00|683.80|2.786|01/01/0001|00|-|-|0.00|1|
20140700|186014856||15/07/2014|01/01/0001|01|0004|3626||6|20263368992|CYMED MEDICAL SAC|0.00|579.49|0.00|0.00|0.00|104.31|0.00|0.00|0.00|683.80|2.786|01/01/0001|00|-|-|0.00|1|
20140700|186014857||15/07/2014|01/01/0001|01|0004|3627||6|20505126069|X-RAY SALES AND SERVICE S.A.C.|0.00|1022.46|0.00|0.00|0.00|184.04|0.00|0.00|0.00|1206.50|2.786|01/01/0001|00|-|-|0.00|1|
20140700|186014858||15/07/2014|01/01/0001|01|0004|3628||6|20101120288|DROGUERIA M Y M S.A.C|0.00|835.80|0.00|0.00|0.00|150.44|0.00|0.00|0.00|986.24|2.786|01/01/0001|00|-|-|0.00|1|
20140700|186014859||15/07/2014|01/01/0001|01|0004|3629||6|20536058690|MEDIPERU S.A|0.00|4624.76|0.00|0.00|0.00|832.46|0.00|0.00|0.00|5457.22|2.786|01/01/0001|00|-|-|0.00|1|
20140700|186014867||16/07/2014|01/01/0001|01|0004|3630||6|20535773263|DIST. MEDICA DIAGNOSTICA SAC|0.00|2294.02|0.00|0.00|0.00|412.92|0.00|0.00|0.00|2706.94|2.784|01/01/0001|00|-|-|0.00|1|
20140700|186014871||17/07/2014|01/01/0001|01|0004|3631||6|20509997340|INTERNATIONAL DIAGNOSTIC IMAGING|0.00|1113.60|0.00|0.00|0.00|200.45|0.00|0.00|0.00|1314.05|2.784|01/01/0001|00|-|-|0.00|1|
20140700|186014872||17/07/2014|01/01/0001|01|0004|3632||6|20519023351|THI MEDICAL S.A.C.|0.00|1203.24|0.00|0.00|0.00|216.58|0.00|0.00|0.00|1419.82|2.784|01/01/0001|00|-|-|0.00|1|
20140700|0||17/07/2014|01/01/0001|01|0004|3633||0||Anulado|0.00|0.00|0.00|0.00|0.00|0.00|0.00|0.00|0.00|0.00|1.000|01/01/0001|00|-|-|0.00|2|
20140700|0||17/07/2014|01/01/0001|01|0004|3634||0||Anulado|0.00|0.00|0.00|0.00|0.00|0.00|0.00|0.00|0.00|0.00|1.000|01/01/0001|00|-|-|0.00|2|
20140700|0||17/07/2014|01/01/0001|01|0004|3635||0||Anulado|0.00|0.00|0.00|0.00|0.00|0.00|0.00|0.00|0.00|0.00|1.000|01/01/0001|00|-|-|0.00|2|
20140700|0||17/07/2014|01/01/0001|01|0004|3636||0||Anulado|0.00|0.00|0.00|0.00|0.00|0.00|0.00|0.00|0.00|0.00|1.000|01/01/0001|00|-|-|0.00|2|
20140700|186014922||23/07/2014|01/01/0001|01|0004|3637||6|20509997340|INTERNATIONAL DIAGNOSTIC IMAGING|0.00|1115.20|0.00|0.00|0.00|200.74|0.00|0.00|0.00|1315.94|2.788|01/01/0001|00|-|-|0.00|1|
20140700|186014923||23/07/2014|01/01/0001|01|0004|3638||6|20415476001|DIGITAL PAN VASCULAR S.A|0.00|1363.33|0.00|0.00|0.00|245.40|0.00|0.00|0.00|1608.73|2.788|01/01/0001|00|-|-|0.00|1|
20140700|0||23/07/2014|01/01/0001|01|0004|3639||0||Anulado|0.00|0.00|0.00|0.00|0.00|0.00|0.00|0.00|0.00|0.00|2.788|01/01/0001|00|-|-|0.00|2|
20140700|186014928||23/07/2014|01/01/0001|01|0004|3640||6|20519023351|THI MEDICAL S.A.C.|0.00|8280.36|0.00|0.00|0.00|1490.46|0.00|0.00|0.00|9770.82|2.788|01/01/0001|00|-|-|0.00|1|
20140700|186014929||24/07/2014|01/01/0001|01|0004|3641||6|20333483395|GAMEL SRL|0.00|2956.34|0.00|0.00|0.00|532.14|0.00|0.00|0.00|3488.48|2.789|01/01/0001|00|-|-|0.00|1|
20140700|186014945||25/07/2014|01/01/0001|01|0004|3642||6|20121905907|SERVICIOS RADIOLOGICOS SAC|0.00|1748.98|0.00|0.00|0.00|314.82|0.00|0.00|0.00|2063.80|2.785|01/01/0001|00|-|-|0.00|1|
20140700|186014959||28/07/2014|01/01/0001|01|0004|3643||6|20333483395|GAMEL SRL|0.00|724.62|0.00|0.00|0.00|130.43|0.00|0.00|0.00|855.05|2.787|01/01/0001|00|-|-|0.00|1|
20140700|186014960||28/07/2014|01/01/0001|01|0004|3644||6|20101120288|DROGUERIA M Y M S.A.C|0.00|2731.26|0.00|0.00|0.00|491.63|0.00|0.00|0.00|3222.89|2.787|01/01/0001|00|-|-|0.00|1|
20140700|186014961||28/07/2014|01/01/0001|01|0004|3645||6|20333483395|GAMEL SRL|0.00|1644.33|0.00|0.00|0.00|295.98|0.00|0.00|0.00|1940.31|2.787|01/01/0001|00|-|-|0.00|1|
20140700|186014962||28/07/2014|01/01/0001|01|0004|3646||6|20519023351|THI MEDICAL S.A.C.|0.00|278.70|0.00|0.00|0.00|50.17|0.00|0.00|0.00|328.87|2.787|01/01/0001|00|-|-|0.00|1|
20140700|186014963||30/07/2014|01/01/0001|01|0004|3647||6|20394674371|SERVIMEDICOS S.A.C.|0.00|356.74|0.00|0.00|0.00|64.21|0.00|0.00|0.00|420.95|2.787|01/01/0001|00|-|-|0.00|1|
20140700|186014964||30/07/2014|01/01/0001|01|0004|3648||6|20394674371|SERVIMEDICOS S.A.C.|0.00|356.74|0.00|0.00|0.00|64.21|0.00|0.00|0.00|420.95|2.787|01/01/0001|00|-|-|0.00|1|
20140700|186014965||30/07/2014|01/01/0001|01|0004|3649||6|20394674371|SERVIMEDICOS S.A.C.|0.00|356.74|0.00|0.00|0.00|64.21|0.00|0.00|0.00|420.95|2.787|01/01/0001|00|-|-|0.00|1|
20140700|186014966||30/07/2014|01/01/0001|01|0004|3650||6|20394674371|SERVIMEDICOS S.A.C.|0.00|356.74|0.00|0.00|0.00|64.21|0.00|0.00|0.00|420.95|2.787|01/01/0001|00|-|-|0.00|1|
20140700|186014967||30/07/2014|01/01/0001|01|0004|3651||6|20394674371|SERVIMEDICOS S.A.C.|0.00|356.74|0.00|0.00|0.00|64.21|0.00|0.00|0.00|420.95|2.787|01/01/0001|00|-|-|0.00|1|
20140700|186014968||30/07/2014|01/01/0001|01|0004|3652||6|20394674371|SERVIMEDICOS S.A.C.|0.00|356.74|0.00|0.00|0.00|64.21|0.00|0.00|0.00|420.95|2.787|01/01/0001|00|-|-|0.00|1|
20140700|186014969||30/07/2014|01/01/0001|01|0004|3653||6|20394674371|SERVIMEDICOS S.A.C.|0.00|356.74|0.00|0.00|0.00|64.21|0.00|0.00|0.00|420.95|2.787|01/01/0001|00|-|-|0.00|1|
20140700|186014970||30/07/2014|01/01/0001|01|0004|3654||6|20394674371|SERVIMEDICOS S.A.C.|0.00|356.74|0.00|0.00|0.00|64.21|0.00|0.00|0.00|420.95|2.787|01/01/0001|00|-|-|0.00|1|
20140700|186014971||30/07/2014|01/01/0001|01|0004|3655||6|20394674371|SERVIMEDICOS S.A.C.|0.00|356.74|0.00|0.00|0.00|64.21|0.00|0.00|0.00|420.95|2.787|01/01/0001|00|-|-|0.00|1|
20140700|186014972||30/07/2014|01/01/0001|01|0004|3656||6|20394674371|SERVIMEDICOS S.A.C.|0.00|356.74|0.00|0.00|0.00|64.21|0.00|0.00|0.00|420.95|2.787|01/01/0001|00|-|-|0.00|1|
20140700|186014973||30/07/2014|01/01/0001|01|0004|3657||6|20519023351|THI MEDICAL S.A.C.|0.00|445.92|0.00|0.00|0.00|80.27|0.00|0.00|0.00|526.19|2.787|01/01/0001|00|-|-|0.00|1|
20140700|186014979||31/07/2014|01/01/0001|01|0004|3658||6|20535773263|DIST. MEDICA DIAGNOSTICA SAC|0.00|3622.54|0.00|0.00|0.00|652.06|0.00|0.00|0.00|4274.60|2.790|01/01/0001|00|-|-|0.00|1|
20140700|||31/07/2014|01/01/0001|03|0004|63||1|25636906|SILVA FERNANDEZ DANIEL ABEL|0.00|207.11|0.00|0.00|0.00|37.28|0.00|0.00|0.00|244.39|1.000|01/01/0001|00|-|-|0.00|1|
20140700|0||17/07/2014|01/01/0001|07|0004|1983||0||Anulado|0.00|0.00|0.00|0.00|0.00|0.00|0.00|0.00|0.00|0.00|1.000|01/01/0001|00|-|-|0.00|2|
20140700|0||17/07/2014|01/01/0001|07|0004|1984||0||Anulado|0.00|0.00|0.00|0.00|0.00|0.00|0.00|0.00|0.00|0.00|1.000|01/01/0001|00|-|-|0.00|2|
20140700|0||17/07/2014|01/01/0001|07|0004|1985||0||Anulado|0.00|0.00|0.00|0.00|0.00|0.00|0.00|0.00|0.00|0.00|1.000|01/01/0001|00|-|-|0.00|2|
20140700|0||17/07/2014|01/01/0001|07|0004|1986||0||Anulado|0.00|0.00|0.00|0.00|0.00|0.00|0.00|0.00|0.00|0.00|1.000|01/01/0001|00|-|-|0.00|2|
20140700|0||23/07/2014|01/01/0001|07|0004|1987||0||Anulado|0.00|0.00|0.00|0.00|0.00|0.00|0.00|0.00|0.00|0.00|1.000|01/01/0001|00|-|-|0.00|2|
20140700|0||23/07/2014|01/01/0001|07|0004|1988||0||Anulado|0.00|0.00|0.00|0.00|0.00|0.00|0.00|0.00|0.00|0.00|1.000|01/01/0001|00|-|-|0.00|2|
20140700|0||23/07/2014|01/01/0001|07|0004|1989||0||Anulado|0.00|0.00|0.00|0.00|0.00|0.00|0.00|0.00|0.00|0.00|1.000|01/01/0001|00|-|-|0.00|2|
20140700|0||23/07/2014|01/01/0001|07|0004|1990||0||Anulado|0.00|0.00|0.00|0.00|0.00|0.00|0.00|0.00|0.00|0.00|2.788|01/01/0001|00|-|-|0.00|2|
20140700|0||24/07/2014|01/01/0001|07|0004|1991||0||Anulado|0.00|0.00|0.00|0.00|0.00|0.00|0.00|0.00|0.00|0.00|2.789|01/01/0001|00|-|-|0.00|2|
20140700|0||25/07/2014|01/01/0001|07|0004|1992||0||Anulado|0.00|0.00|0.00|0.00|0.00|0.00|0.00|0.00|0.00|0.00|2.785|01/01/0001|00|-|-|0.00|2|
20140700|0||30/07/2014|01/01/0001|07|0004|1993||0||Anulado|0.00|0.00|0.00|0.00|0.00|0.00|0.00|0.00|0.00|0.00|2.787|01/01/0001|00|-|-|0.00|2|
20140700|0||30/07/2014|01/01/0001|07|0004|1994||0||Anulado|0.00|0.00|0.00|0.00|0.00|0.00|0.00|0.00|0.00|0.00|2.787|01/01/0001|00|-|-|0.00|2|
20140700|0||30/07/2014|01/01/0001|07|0004|1995||0||Anulado|0.00|0.00|0.00|0.00|0.00|0.00|0.00|0.00|0.00|0.00|2.787|01/01/0001|00|-|-|0.00|2|